0.486 0.181 0
0.109 0.643 1
0.874 1.092 0
0.056 0.52 0
0.361 0.661 0
1.24 0.149 0
0.946 0.7 0
0.866 0.476 0
0.07 1.03 1
0.629 0.649 1
0.84 0.818 0
0.872 0.767 1
0.146 0.855 0
0.929 0.596 1
1.166 0.559 1
0.542 0.298 0
1.048 0.293 1
0.788 1.05 1
0.432 1.176 0
0.768 0.198 1
0.228 0.587 0
1.443 0.093 1
0.51 0.42 1
0.87 0.547 0
1.417 0.569 0
0.091 0.842 1
0.427 0.463 1
0.034 0.554 0
0.916 0.592 0
1.152 0.155 0
0.597 1.1 1
0.121 0.539 1
1.325 0.983 1
1.06 1.184 1
1.437 0.181 0
0.227 0.79 0
0.727 0.707 1
0.423 0.175 1
0.915 0.382 0
1.036 0.619 0
0.685 1.045 1
0.597 0.473 1
0.951 0.075 0
1.477 0.529 0
0.51 0.063 0
0.85 0.644 1
0.921 0.084 0
0.921 0.178 1
1.433 0.723 1
0.184 1.019 1
0.721 0.374 0
0.153 0.411 1
0.718 0.83 0
0.308 1.142 1
0.22 0.652 0
1.137 0.358 0
1.044 0.313 1
1.362 0.427 0
0.799 0.935 1
0.955 0.736 0
1.209 0.982 0
0.3 0.591 0
1.484 0.948 1
0.389 0.831 1
0.671 1.124 1
1.433 0.438 0
0.153 0.564 1
0.307 0.749 0
0.719 0.784 0
1.252 0.144 1
1.173 0.9 1
1.334 0.521 1
0.13 1.135 1
0.695 0.892 0
1.087 0.204 0
0.041 0.709 1
1.21 0.175 1
0.986 0.42 0
0.032 0.959 0
0.79 1.12 1
1.48 0.234 0
0.042 0.255 0
1.146 0.391 1
1.251 0.073 1
1.347 0.795 1
1.241 1.054 0
0.798 0.628 0
1.309 0.932 0
1.164 0.18 0
0.71 0.87 0
0.489 0.622 1
1.176 0.127 0
0.373 0.332 0
0.762 0.674 0
0.665 0.735 0
1.039 0.543 1
0.762 0.297 1
1.384 1.071 0
1.26 0.165 0
0.589 0.379 0
0.643 0.255 1
1.176 1.076 0
1.409 0.772 1
0.214 1.059 1
0.329 1.143 1
1.327 0.195 0
0.242 0.518 1
0.509 0.235 1
0.138 0.439 1
0.831 0.529 0
0.577 0.621 1
0.768 0.077 0
1.458 0.126 1
0.408 1.087 0
0.406 0.155 1
1.274 0.811 1
0.609 0.644 1
1.051 0.107 0
1.199 0.22 0
0.403 0.02 0
1.202 0.1 0
0.1 1.035 1
0.017 1.193 1
1.39 0.321 0
0.065 0.851 0
1.454 0.314 0
0.303 0.374 1
0.797 0.247 1
0.75 0.213 1
1.206 1.193 0
0.023 0.88 0
0.771 0.295 1
0.159 0.983 1
0.985 0.655 1
1.455 0.369 0
1.474 0.411 0
0.607 0.417 0
1.255 0.017 1
0.646 0.066 1
1.306 0.805 1
0.898 0.831 0
0.689 0.189 1
0.005 0.437 1
1.459 0.656 0
0.052 1.059 0
0.535 0.001 1
0.126 0.335 0
0.372 0.931 0
0.396 0.108 1
0.88 0.473 1
10.456 0.279 0
10.986 0.859 1
11.146 0.865 1
10.224 0.869 0
10.066 1.002 1
11.101 0.975 0
11.365 0.903 0
11.24 0.701 0
10.128 0.05 1
11.439 0.452 1
10.838 0.753 0
10.734 0.004 0
11.122 0.604 0
10.989 0.079 1
10.378 0.089 1
10.352 0.908 0
11.11 1.171 1
11.268 0.092 1
11.15 0.74 0
10.116 0.177 1
10.977 0.831 0
10.019 0.073 1
11.459 0.119 0
11.014 0.349 1
10.697 0.56 0
11.49 0.659 1
11.467 1.124 0
10.434 0.092 1
11.491 0.464 0
10.112 0.108 1
11.429 0.159 1
11.33 0.844 0
10.747 1.051 1
10.037 0.004 1
11.022 0.487 0
10.624 0.451 0
11.26 0.002 1
11.259 0.144 0
11.07 1.082 1
10.38 0.078 1
11.498 0.707 1
11.388 0.907 0
10.421 0.062 1
10.952 0.179 1
10.654 0.379 1
11.178 0.513 0
11.218 0.757 0
11.079 0.059 1
10.676 0.903 1
10.728 1.094 0
10.256 0.498 1
10.447 0.887 1
10.609 0.286 1
10.836 0.473 0
10.965 0.09 1
10.826 0.544 1
11.495 0.54 0
10.822 0.293 0
10.513 0.109 0
10.552 0.971 0
11.331 0.9 1
10.574 0.895 0
10.565 0.406 0
10.747 0.689 1
10.189 0.604 0
10.139 1.076 1
10.6 0.535 1
11.273 1.047 0
10.191 0.51 1
11.452 0.588 0
10.587 1.112 1
11.458 0.298 0
10.336 0.182 0
11.412 0.866 1
10.128 0.932 0
11.173 0.279 0
10.968 0.365 0
10.94 0.634 1
11.048 0.135 0
10.451 1.132 0
10.582 0.268 0
10.016 0.362 1
10.418 0.38 0
10.713 0.282 0
10.044 0.494 1
10.083 0.233 1
10.122 0.273 1
11.388 0.272 0
11.044 0.862 1
11.024 0.238 1
11.109 0.606 0
10.744 0.24 0
10.346 0.266 1
10.164 0.748 0
11.345 0.582 0
11.423 0.176 1
10.082 0.028 0
10.623 0.852 0
10.59 1.078 1
11.099 1.197 0
10.494 0.223 1
10.048 0.797 1
11.259 1.182 1
10.254 0.003 1
10.121 0.504 0
10.842 0.911 1
10.535 0.986 1
10.132 0.846 0
10.559 1.103 0
10.485 0.885 1
10.045 0.493 1
10.061 0.042 0
11.205 0.074 0
11.121 1.078 1
10.544 0.402 0
10.393 0.86 1
11.386 0.357 0
10.036 0.281 1
11.073 0.559 1
11.185 1.096 1
10.199 0.596 0
11.204 0.886 0
10.911 0.393 1
10.691 0.941 0
10.768 0.47 0
10.371 0.078 0
10.723 0.654 0
11.47 1.06 0
10.397 0.101 0
10.632 1.186 1
10.26 0.16 1
10.93 0.809 0
11.17 0.353 1
10.85 0.448 1
10.299 0.297 0
10.353 0.338 0
10.49 0.475 0
10.761 0.278 0
10.98 1.189 0
10.007 1.059 0
11.261 1.097 0
11.315 0.279 0
10.284 1.168 0
11.395 0.447 0
10.674 0.312 0
10.159 0.715 1
10.326 0.442 0
10.066 1.2 0
10.899 0.782 0
11.222 0.983 1
21.017 0.222 1
20.117 0.038 1
20.822 0.076 0
21.194 0.797 0
20.959 0.109 0
20.597 0.325 1
21.002 0.501 0
20.469 0.68 1
20.621 0.022 1
20.967 0.469 1
20.306 0.007 0
20.636 0.984 1
20.867 0.438 0
20.195 0.062 0
20.961 1.092 0
20.859 1.113 0
20.219 0.34 0
21.388 0.131 1
21.13 0.951 0
20.452 1.005 0
21.463 0.579 0
20.911 0.764 0
21.356 0.744 0
20.96 1.028 1
20.922 0.235 1
20.274 0.262 1
21.408 0.188 1
20.185 0.296 0
20.062 0.675 0
21.002 0.389 1
20.899 0.66 1
20.974 0.37 0
20.639 0.791 1
20.755 0.215 0
20.928 0.587 0
20.67 0.742 1
21.255 0.973 1
20.161 0.154 1
20.548 0.963 0
20.061 0.156 1
21.166 0.614 0
21.128 1.074 0
20.039 0.08 0
20.291 1.178 1
20.432 0.973 0
21.029 0.865 0
20.098 0.421 1
20.238 1.076 1
21.358 0.548 1
20.753 1.104 0
20.888 0.739 0
20.479 0.044 0
20.605 0.764 1
21.02 1.074 0
21.188 0.317 0
20.954 0.432 1
20.833 0.696 0
20.378 0.643 1
21.107 0.446 1
21.486 0.693 1
20.496 0.098 0
20.265 0.892 0
20.445 0.619 1
20.959 1.181 1
21.1 0.897 0
20.224 0.739 1
20.627 0.437 0
20.198 0.273 0
20.033 0.003 1
20.456 0.628 0
20.62 0.361 0
20.306 0.749 1
20.238 0.017 0
21.061 0.541 0
20.957 1.046 1
20.603 0.317 0
20.084 0.985 1
20.892 0.694 1
20.373 1.084 0
20.092 0.03 0
20.357 0.07 0
20.019 0.661 0
20.213 0.239 1
21.22 0.21 1
20.096 0.751 1
21.073 0.008 1
21.118 0.558 1
20.263 1.196 1
20.348 0.047 1
21.337 1.11 1
21.068 0.319 1
21.029 1.101 1
20.443 1.114 0
20.128 0.609 0
20.391 0.283 0
21.417 0.895 1
20.288 0.466 0
20.569 1.022 1
20.708 0.637 0
21.286 0.525 0
20.856 0.369 0
20.587 0.702 0
20.217 0.032 0
20.933 0.194 0
21.051 0.037 0
21.039 0.761 0
21.105 0.079 1
20.299 1.145 0
21.32 0.907 1
20.161 0.247 0
20.051 1.139 0
21.238 0.758 1
20.716 0.159 0
20.442 0.404 1
20.031 0.308 1
20.073 0.912 1
21.154 0.722 1
21.277 0.742 0
21.184 0.037 0
20.52 0.846 0
21.072 0.993 1
20.256 0.002 0
20.433 0.901 0
20.007 0.589 1
21.043 0.99 1
20.889 1.149 1
20.867 0.191 0
21.407 0.278 0
20.165 0.764 0
20.735 1.189 0
20.942 0.427 1
21.393 1.07 0
20.633 0.775 1
20.309 0.316 0
20.569 1.061 0
21.416 0.152 0
20.523 0.392 0
21.302 0.54 1
20.254 0.527 1
20.869 0.151 1
20.964 0.836 0
20.401 0.906 0
21.085 1.17 1
20.904 0.418 0
20.492 0.227 0
20.247 0.789 0
20.576 1.181 1
21.1 0.522 0
20.164 1.094 1
20.31 0.466 0
30.019 1.025 1
31.04 0.601 1
30.695 0.17 1
30.008 0.291 1
31.052 0.705 1
31.269 0.801 0
31.019 0.77 1
30.649 0.312 0
31.342 0.291 1
31.07 0.756 1
31.274 0.579 0
30.932 0.491 0
31.342 0.394 0
30.583 0.588 0
30.057 0.652 0
31.074 1.142 0
30.779 0.121 1
30.812 0.861 0
30.959 0.995 1
30.616 1.138 0
31.485 0.221 0
31.094 0.737 0
30.379 0.458 0
30.02 0.502 1
30.943 0.81 1
30.164 0.364 1
31.41 0.632 0
31.491 1.153 1
30.318 0.155 0
31.214 0.761 1
30.963 0.865 0
30.53 0.767 1
30.702 0.353 0
31.17 0.563 0
30.401 0.451 1
31.474 0.815 1
30.004 0.866 1
30.537 0.785 1
30.719 0.514 0
30.989 0.435 1
31.282 0.068 1
31.176 0.168 1
30.95 0.018 0
30.315 0.086 1
30.375 0.122 0
31.281 0.223 1
30.52 0.183 1
31.188 0.201 0
31.003 1.073 1
30.296 0.831 0
31.113 0.526 0
30.833 0.317 0
31.241 0.568 0
30.727 1.087 1
30.37 0.198 0
30.241 0.385 1
30.998 1.009 1
30.639 1.2 0
30.271 0.432 0
30.031 0.055 1
31.213 0.113 1
30.727 1.077 0
30.32 0.499 0
30.508 1.034 1
30.512 0.934 0
30.426 0.41 1
30.831 0.992 1
30.533 0.592 1
30.756 0.326 1
31.462 0.785 0
30.496 0.381 1
30.191 1.167 0
31.176 0.048 1
30.818 0.06 1
30.163 0.056 1
30.913 0.79 1
30.925 0.752 0
30.319 0.8 1
30.938 0.209 0
31.304 0.506 0
31.371 0.787 1
31.308 0.166 1
30.843 0.31 1
30.277 0.041 0
30.646 0.77 0
30.747 0.627 0
31.161 0.505 1
30.67 0.017 1
30.891 1.192 0
30.713 0.495 0
30.124 0.567 0
30.94 0.512 0
31.026 0.146 0
30.327 0.146 1
30.027 0.863 0
30.676 0.893 0
30.549 0.897 0
31.095 0.101 1
30.691 1.119 1
31.37 0.063 0
30.017 0.018 0
30.583 0.375 0
31.437 1.002 0
30.474 1.139 1
30.705 0.2 0
30.545 0.774 1
30.715 0.934 1
31.417 0.942 1
30.439 0.073 1
31.304 0.871 0
31.247 0.721 1
30.877 1.172 0
30.565 0.822 0
31.211 0.34 0
30.482 0.322 0
30.88 0.979 0
30.433 0.169 0
30.411 1.021 1
30.52 0.102 1
31.196 0.241 0
30.464 0.069 1
30.698 0.248 1
30.88 0.011 1
30.69 0.105 1
31.158 0.279 1
31.328 0.626 1
30.759 0.242 0
30.288 0.217 1
30.544 0.677 1
31.169 1.028 0
30.067 1.197 1
31.3 0.446 1
31.181 0.187 0
30.517 0.623 0
30.141 0.246 1
30.88 0.256 1
30.639 1.136 0
30.381 0.045 0
31.492 0.454 0
30.076 0.669 1
30.73 1.015 0
31.294 0.768 0
31.06 0.108 1
30.847 0.769 1
30.274 1.02 1
31.449 1.19 0
30.258 1.13 1
30.089 0.663 0
31.256 0.056 1
30.084 0.174 0