38.366 0.025 1
14.694 0.14 0
40.602 0.892 0
35.43 0.032 0
13.118 0.505 0
33.675 0.716 1
13.226 0.589 0
45.528 0.16 1
20.415 0.155 1
6.133 0.38 1
50.85 0.604 0
43.784 0.536 1
4.728 0.293 1
34.641 0.705 0
39.676 0.773 0
51.319 0.866 1
16.678 0.636 1
9.759 0.355 1
42.109 0.684 0
36.548 0.171 0
9.804 0.379 0
41.077 0.843 0
13.743 0.032 1
24.07 0.066 1
12.758 0.499 1
8.572 0.14 1
44.821 0.428 1
21.72 0.997 0
30.572 0.091 0
51.666 0.153 0
47.525 0.422 0
23.086 0.596 1
31.747 0.971 0
40.817 0.115 1
46.116 0.34 1
26.086 0.454 1
58.313 0.762 0
52.231 0.298 0
9.17 0.763 0
35.937 0.489 0
55.746 0.879 1
14.367 0.241 0
5.139 0.486 0
58.679 0.533 0
7.703 0.475 0
15.903 0.872 1
57.862 0.929 0
42.777 0.399 1
26.286 0.518 0
14.874 0.064 0
35.299 0.23 0
0.431 0.708 0
13.737 0.905 1
4.251 0.238 1
12.854 0.132 1
14.58 0.473 1
11.425 0.097 1
21.258 0.411 0
40.402 0.984 0
3.637 0.728 0
14.919 0.19 1
8.411 0.183 1
14.988 0.923 1
48.481 0.856 0
3.035 0.999 0
58.14 0.926 0
9.979 0.486 0
51.879 0.902 0
22.738 0.985 1
55.591 0.785 1
25.38 0.957 1
9.288 0.297 0
34.751 0.542 1
3.43 0.584 0
3.413 0.508 0
4.111 0.068 0
24.227 0.942 0
34.735 0.04 0
25.153 0.584 1
56.082 0.204 1
14.321 0.396 1
27.433 0.929 0
0.559 0.621 0
4.396 0.213 1
7.947 0.349 0
52.756 0.37 0
26.291 0.543 1
36.701 0.987 0
40.072 0.555 0
56.336 0.134 0
53.383 0.742 0
16.341 0.605 1
12.216 0.634 1
30.325 0.251 0
5.538 0.424 1
2.645 0.334 0
38.227 0.262 1
33.101 0.428 0
6.712 0.945 0
32.735 0.835 0
25.787 0.042 1
53.939 0.796 0
53.935 0.21 0
40.016 0.354 1
58.43 0.749 0
51.876 0.976 0
52.885 0.025 1
46.943 0.412 0
16.008 0.787 0
22.953 0.039 1
13.346 0.817 1
20.98 0.821 0
13.375 0.66 1
19.696 0.864 1
21.069 0.509 1
56.354 0.115 1
10.714 0.963 1
2.295 0.597 1
43.713 0.314 0
23.112 0.577 1
2.663 0.436 0
21.853 0.07 1
37.389 0.663 0
43.185 0.3 1
40.014 0.326 1
33.265 0.192 1
40.639 0.903 1
24.365 0.834 1
17.215 0.43 1
27.899 0.442 0
30.67 0.794 0
39.531 0.284 1
5.603 0.952 0
40.368 0.225 0
8.841 0.046 1
36.676 0.768 1
24.866 0.63 0
43.101 0.384 1
14.639 0.656 0
53.56 0.86 0
46.705 0.219 1
3.013 0.249 0
27.388 0.801 1
57.002 0.891 1
49.834 0.548 0
44.619 0.475 1
45.107 0.84 1
45.949 0.521 0
16.476 0.077 1
14.07 0.336 0
8.302 0.231 0
42.385 0.064 1
19.853 0.466 0
12.41 0.42 0
51.404 0.766 1
28.619 0.943 1
45.209 0.853 1
32.293 0.735 0
29.294 0.273 1
1.741 0.336 1
43.451 0.841 0
58.843 0.534 1
35.514 0.663 0
38.565 0.136 1
10.904 0.26 1
12.7 0.327 1
16.695 0.951 1
15.136 0.082 0
44.941 0.052 1
13.453 0.069 0
45.254 0.95 0
50.354 0.621 0
7.573 0.669 0
27.902 0.256 1
10.067 0.607 0
46.668 0.164 1
6.486 0.026 1
34.548 0.908 1
23.799 0.715 0
35.526 0.831 0
6.114 0.772 0
47.774 0.566 0
20.832 0.428 1
4.137 0.648 0
50.975 0.822 0
26.011 0.362 1
42.439 0.435 1
36.955 0.92 1
27.892 0.826 1
19.338 0.245 0
16.736 0.451 1
34.191 0.668 1
1.722 0.851 0
29.253 0.355 1
20.42 0.88 1
33.347 0.517 0
5.137 0.72 1
33.311 0.24 1
38.754 0.491 0
5.583 0.222 0
18.372 0.582 1
33.208 0.344 1
21.109 0.454 1
15.084 0.121 0
18.933 0.743 0
11.492 0.739 1
43.475 0.977 1
58.831 0.833 1
13.649 0.179 0
42.481 0.127 0
58.458 0.553 0
38.272 0.753 0
52.363 0.574 1
28.723 0.341 0
15.149 0.862 0
49.327 0.401 0
34.621 0.686 0
8.952 0.563 1
5.111 0.248 1
36.379 0.791 0
46.542 0.38 1
17.841 0.589 1
18.323 0.621 0
56.855 0.208 0
15.879 0.081 0
10.429 0.075 0
24.511 0.689 1
17.476 0.231 1
42.179 0.454 0
55.435 0.788 0
25.508 0.545 0
54.505 0.827 0
3.578 0.793 1
26.349 0.469 1
41.984 0.943 1
26.266 0.598 1
44.072 0.604 0
5.48 0.962 0
59.974 0.672 1
34.575 0.763 0
28.23 0.652 1
10.889 0.585 1
58.143 0.47 1
19.999 0.67 0
19.788 0.694 1
39.755 0.4 0
27.29 0.315 1
6.955 0.773 0
39.46 0.543 1
3.252 0.518 1
37.525 0.76 0
16.023 0.131 1
26.287 0.698 0
1.732 0.63 0
42.587 0.311 0
33.135 0.093 0
27.687 0.117 0
29.903 0.717 1
24.929 0.482 1
14.624 0.551 1
11.437 0.599 0
51.842 0.276 1
20.393 0.788 1
49.233 0.283 1
50.249 0.58 1
51.916 0.447 1
20.707 0.552 1
27.321 0.322 0
58.846 0.239 1
14.014 0.776 0
19.091 0.473 1
23.165 0.664 0
29.72 0.037 1
52.182 0.874 1
5.983 0.91 0
43.347 0.41 0
4.49 0.782 1
20.314 0.693 0
51.106 0.852 1
57.248 0.627 1
52.343 0.036 0
14.086 0.684 1
59.846 0.747 1
58.7 0.76 0
26.621 0.694 0
2.759 0.796 1
21.508 0.431 0
31.87 0.566 0
10.199 0.079 1
37.183 0.241 0
13.931 0.638 1
15.32 0.009 1
54.073 0.678 0
4.432 0.945 1
38.336 0.424 1
27.41 0.302 1
51.2 0.107 1
34.315 0.575 1
1.316 0.83 1






